# 75 gr .223 
# Wind 9 mph 

Mils  Elev Wind Dist

13.0  0    0.2  100
10.4  0.1  0.3  125
8.67  0.2  0.3  150
7.43  0.4  0.4  175
6.50  0.6  0.4  200
5.78  0.8  0.5  225
5.20  1    0.6  250
4.73  1.2  0.6  275
4.33  1.4  0.7  300
4.00  1.7  0.8  325
3.71  1.9  0.8  350
3.47  2.2  0.9  375
3.25  2.5  1    400
3.06  2.8  1    425
2.89  3.1  1.1  450
2.74  3.4  1.2  475
2.60  3.7  1.3  500
2.48  4.1  1.3  525
2.36  4.4  1.4  550
2.26  4.8  1.5  575
2.17  5.2  1.6  600
2.08  5.6  1.7  625
2.00  6    1.8  650
1.93  6.5  1.9  675
1.86  7    2    700
1.79  7.4  2    725
1.73  7.9  2.1  750
1.68  8.5  2.2  775
1.62  9    2.3  800
